0.000000 0.000000
0.002902 0.000000
0.005805 0.000000
0.008707 0.000000
0.011610 0.000000
0.014512 0.000000
0.017415 0.000000
0.020317 0.000000
0.023220 0.000000
0.026122 0.000000
0.029025 0.000000
0.031927 0.000000
0.034830 0.000000
0.037732 0.000000
0.040635 0.000000
0.043537 0.000000
0.046440 0.000000
0.049342 0.000000
0.052245 0.000000
0.055147 0.000000
0.058050 0.000000
0.060952 0.000000
0.063855 0.000000
0.066757 0.000000
0.069660 0.000000
0.072562 0.000000
0.075465 0.000000
0.078367 0.000000
0.081270 0.000000
0.084172 0.000000
0.087075 0.000000
0.089977 0.000000
0.092880 0.000000
0.095782 0.000000
0.098685 0.000000
0.101587 0.000000
0.104490 0.000000
0.107392 0.000000
0.110295 0.000000
0.113197 0.000000
0.116100 0.000000
0.119002 0.000000
0.121905 0.000000
0.124807 0.000000
0.127710 0.000000
0.130612 0.000000
0.133515 0.000000
0.136417 0.000000
0.139320 0.000000
0.142222 0.000000
0.145125 0.000000
0.148027 0.000000
0.150930 0.000000
0.153832 0.000000
0.156735 0.000000
0.159637 0.000000
0.162540 0.000000
0.165442 0.000000
0.168345 0.000000
0.171247 0.000000
0.174150 0.000000
0.177052 0.000000
0.179955 0.000000
0.182857 0.000000
0.185760 0.000000
0.188662 0.000000
0.191565 0.000000
0.194467 329.863129
0.197370 0.000000
0.200272 0.000000
0.203175 0.000000
0.206077 0.000000
0.208980 0.000000
0.211882 0.000000
0.214785 0.000000
0.217687 0.000000
0.220590 0.000000
0.223492 0.000000
0.226395 0.000000
0.229297 0.000000
0.232200 0.000000
0.235102 0.000000
0.238005 0.000000
0.240907 0.000000
0.243810 0.000000
0.246712 0.000000
0.249615 0.000000
0.252517 0.000000
0.255419 0.000000
0.258322 0.000000
0.261224 0.000000
0.264127 0.000000
0.267029 0.000000
0.269932 0.000000
0.272834 0.000000
0.275737 0.000000
0.278639 0.000000
0.281542 0.000000
0.284444 0.000000
0.287347 0.000000
0.290249 0.000000
0.293152 0.000000
0.296054 0.000000
0.298957 0.000000
0.301859 0.000000
0.304762 0.000000
0.307664 0.000000
0.310567 0.000000
0.313469 0.000000
0.316372 0.000000
0.319274 0.000000
0.322177 0.000000
0.325079 0.000000
