0.000000 2634.041504
0.002902 2523.383057
0.005805 2435.960449
0.008707 2353.195557
0.011610 2241.363281
0.014512 345.539673
0.017415 1201.601196
0.020317 1134.683594
0.023220 1100.242432
0.026122 1077.303955
0.029025 1060.163574
0.031927 1037.978027
0.034830 1009.042419
0.037732 963.355591
0.040635 0.000000
0.043537 0.000000
0.046440 0.000000
0.049342 234.372833
0.052245 205.952545
0.055147 184.737289
0.058050 175.338730
0.060952 174.189957
0.063855 172.444687
0.066757 169.403122
0.069660 164.338181
0.072562 0.000000
0.075465 0.000000
0.078367 0.000000
0.081270 0.000000
0.084172 0.000000
0.087075 0.000000
0.089977 0.000000
0.092880 381.292786
0.095782 387.312866
0.098685 0.000000
0.101587 0.000000
0.104490 1007.643311
0.107392 987.828125
0.110295 975.318909
0.113197 963.084351
0.116100 947.047424
0.119002 917.375427
0.121905 0.000000
0.124807 0.000000
0.127710 0.000000
0.130612 0.000000
0.133515 0.000000
0.136417 0.000000
0.139320 0.000000
0.142222 0.000000
0.145125 0.000000
0.148027 0.000000
0.150930 0.000000
0.153832 0.000000
0.156735 0.000000
0.159637 0.000000
0.162540 543.453064
0.165442 554.266663
0.168345 553.856262
0.171247 549.308472
0.174150 524.843323
0.177052 460.088654
0.179955 441.484375
0.182857 438.965820
0.185760 433.395386
0.188662 0.000000
0.191565 0.000000
0.194467 0.000000
0.197370 0.000000
0.200272 0.000000
0.203175 0.000000
0.206077 0.000000
0.208980 0.000000
0.211882 0.000000
0.214785 0.000000
0.217687 0.000000
0.220590 0.000000
0.223492 0.000000
0.226395 118.697304
0.229297 118.658730
0.232200 0.000000
0.235102 0.000000
0.238005 0.000000
0.240907 0.000000
0.243810 0.000000
0.246712 0.000000
0.249615 0.000000
0.252517 0.000000
0.255419 0.000000
0.258322 0.000000
0.261224 0.000000
0.264127 0.000000
0.267029 0.000000
0.269932 0.000000
0.272834 0.000000
0.275737 0.000000
0.278639 0.000000
0.281542 0.000000
0.284444 0.000000
0.287347 0.000000
0.290249 0.000000
0.293152 0.000000
0.296054 0.000000
0.298957 0.000000
0.301859 0.000000
0.304762 0.000000
0.307664 0.000000
0.310567 0.000000
0.313469 0.000000
0.316372 0.000000
0.319274 0.000000
0.322177 0.000000
0.325079 0.000000
0.327982 0.000000
0.330884 0.000000
0.333787 0.000000
0.336689 0.000000
0.339592 0.000000
0.342494 0.000000
0.345397 0.000000
0.348299 0.000000
0.351202 0.000000
0.354104 0.000000
0.357007 0.000000
0.359909 0.000000
0.362812 0.000000
0.365714 0.000000
0.368617 0.000000
0.371519 0.000000
0.374422 0.000000
0.377324 0.000000
0.380227 0.000000
0.383129 0.000000
0.386032 0.000000
0.388934 0.000000
0.391837 0.000000
0.394739 0.000000
0.397642 0.000000
0.400544 0.000000
0.403447 0.000000
0.406349 0.000000
0.409252 0.000000
0.412154 0.000000
0.415057 0.000000
0.417959 0.000000
0.420862 0.000000
0.423764 0.000000
0.426667 0.000000
0.429569 0.000000
0.432472 0.000000
0.435374 0.000000
0.438277 0.000000
0.441179 0.000000
0.444082 0.000000
0.446984 0.000000
0.449887 0.000000
0.452789 0.000000
0.455692 0.000000
0.458594 0.000000
0.461497 0.000000
0.464399 0.000000
0.467302 0.000000
0.470204 0.000000
0.473107 0.000000
0.476009 0.000000
0.478912 0.000000
0.481814 0.000000
0.484717 0.000000
0.487619 0.000000
0.490522 0.000000
0.493424 0.000000
0.496327 0.000000
0.499229 0.000000
0.502132 0.000000
0.505034 0.000000
0.507937 0.000000
0.510839 0.000000
0.513741 0.000000
0.516644 0.000000
0.519547 0.000000
0.522449 0.000000
0.525351 0.000000
0.528254 0.000000
0.531156 0.000000
0.534059 0.000000
0.536961 0.000000
0.539864 0.000000
0.542766 0.000000
0.545669 0.000000
