0.000000 0.000000
0.002902 0.000000
0.005805 0.000000
0.008707 0.000000
0.011610 0.000000
0.014512 0.000000
0.017415 0.000000
0.020317 90.441032
0.023220 74.430672
0.026122 0.000000
0.029025 0.000000
0.031927 0.000000
0.034830 0.000000
0.037732 172.265625
0.040635 358.852386
0.043537 392.052460
0.046440 172.265625
0.049342 370.043213
0.052245 0.000000
0.055147 0.000000
0.058050 0.000000
0.060952 172.265625
0.063855 366.471924
0.066757 377.202240
0.069660 172.265625
0.072562 384.783997
0.075465 0.000000
0.078367 0.000000
0.081270 0.000000
0.084172 172.265625
0.087075 380.997437
0.089977 358.714752
0.092880 66.537262
0.095782 93.647469
0.098685 368.410736
0.101587 0.000000
0.104490 0.000000
0.107392 0.000000
0.110295 172.265625
0.113197 359.881073
0.116100 70.861946
0.119002 172.265625
0.121905 359.988464
0.124807 0.000000
0.127710 0.000000
0.130612 0.000000
0.133515 172.265625
0.136417 374.955597
0.139320 383.754761
0.142222 172.265625
0.145125 396.644531
0.148027 0.000000
0.150930 158.948898
0.153832 172.265625
0.156735 73.032661
0.159637 172.265625
0.162540 375.141937
0.165442 172.265625
0.168345 366.828552
0.171247 0.000000
0.174150 0.000000
0.177052 172.265625
0.179955 0.000000
0.182857 172.265625
0.185760 0.000000
0.188662 172.265625
0.191565 0.000000
0.194467 172.265625
0.197370 381.888153
0.200272 172.265625
0.203175 62.783421
0.206077 0.000000
0.208980 0.000000
0.211882 172.265625
0.214785 0.000000
0.217687 172.265625
0.220590 401.538910
0.223492 0.000000
0.226395 172.265625
0.229297 0.000000
0.232200 290.863892
0.235102 399.747498
0.238005 380.772644
0.240907 172.265625
0.243810 343.082703
0.246712 340.636932
0.249615 0.000000
0.252517 0.000000
0.255419 326.013824
0.258322 172.265625
0.261224 361.786621
0.264127 172.265625
0.267029 345.844330
0.269932 0.000000
0.272834 0.000000
0.275737 0.000000
0.278639 250.646301
0.281542 287.977295
0.284444 356.565796
0.287347 172.265625
0.290249 582.756042
0.293152 374.288391
0.296054 0.000000
0.298957 224.135330
0.301859 167.516022
0.304762 304.509064
0.307664 0.000000
0.310567 0.000000
0.313469 172.265625
0.316372 324.269958
0.319274 255.121689
0.322177 0.000000
0.325079 172.265625
0.327982 268.009003
0.330884 279.645874
0.333787 0.000000
0.336689 0.000000
0.339592 280.399414
0.342494 315.609863
0.345397 0.000000
0.348299 172.265625
0.351202 222.488144
0.354104 270.103699
0.357007 303.324341
0.359909 0.000000
0.362812 396.438110
0.365714 338.511902
0.368617 0.000000
0.371519 0.000000
0.374422 266.500031
0.377324 380.506500
0.380227 320.506561
0.383129 309.991791
0.386032 172.265625
0.388934 334.986725
0.391837 589.293884
0.394739 479.638702
0.397642 0.000000
0.400544 616.673157
0.403447 386.464020
0.406349 0.000000
0.409252 284.855011
0.412154 353.537201
0.415057 553.550720
0.417959 541.370667
0.420862 282.651489
0.423764 521.537659
0.426667 515.700989
0.429569 176.489990
0.432472 320.521729
0.435374 567.802124
0.438277 263.731598
0.441179 845.741821
0.444082 261.540680
0.446984 193.392914
0.449887 517.248901
0.452789 172.265625
0.455692 291.787292
0.458594 213.808060
0.461497 326.854095
0.464399 218.890244
0.467302 260.874817
0.470204 172.265625
0.473107 786.975525
0.476009 177.502060
0.478912 288.179047
0.481814 198.655426
0.484717 339.485870
0.487619 172.265625
0.490522 402.340027
0.493424 709.676819
0.496327 465.636505
0.499229 231.143143
0.502132 352.919495
0.505034 571.552734
0.507937 474.559509
0.510839 0.000000
0.513741 192.894760
0.516644 314.933868
0.519547 0.000000
0.522449 276.690826
0.525351 375.836792
0.528254 0.000000
0.531156 172.265625
0.534059 393.603546
0.536961 0.000000
0.539864 0.000000
0.542766 0.000000
0.545669 172.265625
0.548571 62.648968
0.551474 368.527618
0.554376 0.000000
0.557279 81.820717
0.560181 0.000000
0.563084 0.000000
0.565986 0.000000
0.568889 0.000000
0.571791 172.265625
0.574694 368.955872
0.577596 0.000000
0.580499 172.265625
0.583401 0.000000
0.586304 0.000000
0.589206 0.000000
0.592109 0.000000
0.595011 172.265625
0.597914 377.011261
0.600816 0.000000
0.603719 172.265625
0.606621 66.083992
0.609524 0.000000
0.612426 0.000000
0.615329 0.000000
0.618231 161.217300
0.621134 396.546783
0.624036 0.000000
0.626939 0.000000
0.629841 172.265625
0.632744 0.000000
0.635646 289.341736
0.638549 0.000000
0.641451 0.000000
0.644354 172.265625
0.647256 373.865326
0.650159 0.000000
0.653061 172.265625
0.655964 398.837616
0.658866 0.000000
0.661769 0.000000
0.664671 0.000000
0.667574 172.265625
0.670476 379.208313
0.673379 0.000000
0.676281 0.000000
0.679184 86.574249
0.682086 0.000000
0.684989 0.000000
0.687891 0.000000
0.690794 0.000000
0.693696 75.734962
0.696599 363.011688
0.699501 0.000000
0.702404 172.265625
0.705306 0.000000
0.708209 0.000000
0.711111 0.000000
0.714014 0.000000
0.716916 172.265625
0.719819 371.650421
0.722721 0.000000
0.725624 172.265625
0.728526 89.307068
0.731429 0.000000
0.734331 0.000000
0.737234 0.000000
0.740136 172.265625
0.743039 400.869598
0.745941 364.973572
0.748844 0.000000
0.751746 172.265625
0.754649 371.522278
0.757551 0.000000
0.760454 0.000000
0.763356 0.000000
0.766258 323.272156
0.769161 358.650208
0.772063 0.000000
0.774966 172.265625
0.777869 389.149933
0.780771 0.000000
0.783673 0.000000
0.786576 0.000000
0.789478 337.089508
0.792381 381.422882
0.795283 382.430725
0.798186 0.000000
0.801088 376.283905
0.803991 345.878998
0.806893 0.000000
0.809796 0.000000
0.812698 0.000000
0.815601 343.330872
0.818503 360.557404
0.821406 0.000000
0.824308 172.265625
0.827211 366.268494
0.830113 0.000000
0.833016 0.000000
0.835918 0.000000
0.838821 326.699829
0.841723 362.946442
0.844626 0.000000
0.847528 0.000000
0.850431 355.335083
0.853333 357.584259
0.856236 0.000000
0.859138 0.000000
0.862041 0.000000
0.864943 379.150818
0.867846 377.108307
0.870748 0.000000
0.873651 355.928375
0.876553 361.299347
0.879456 0.000000
0.882358 0.000000
0.885261 0.000000
0.888163 313.888733
0.891066 360.268890
0.893968 0.000000
0.896871 0.000000
0.899773 345.791199
0.902676 0.000000
0.905578 0.000000
0.908481 0.000000
0.911383 0.000000
0.914286 369.538879
0.917188 0.000000
0.920091 0.000000
0.922993 331.914459
0.925896 358.790619
0.928798 0.000000
0.931701 0.000000
0.934603 0.000000
0.937506 322.121094
0.940408 0.000000
0.943311 0.000000
0.946213 0.000000
0.949116 368.996887
0.952018 0.000000
0.954921 0.000000
0.957823 0.000000
0.960726 0.000000
0.963628 362.934662
0.966531 0.000000
0.969433 0.000000
0.972336 296.504181
0.975238 0.000000
0.978141 0.000000
0.981043 0.000000
0.983946 0.000000
0.986848 360.219940
0.989751 0.000000
0.992653 0.000000
0.995556 0.000000
0.998458 0.000000
1.001361 0.000000
1.004263 0.000000
1.007166 0.000000
1.010068 0.000000
1.012971 0.000000
1.015873 0.000000
1.018775 0.000000
1.021678 0.000000
1.024580 0.000000
1.027483 0.000000
1.030385 0.000000
1.033288 0.000000
1.036191 0.000000
1.039093 0.000000
1.041995 0.000000
1.044898 0.000000
1.047800 0.000000
1.050703 0.000000
1.053605 0.000000
1.056508 0.000000
1.059410 0.000000
1.062313 0.000000
1.065215 0.000000
1.068118 0.000000
1.071020 0.000000
1.073923 0.000000
1.076825 0.000000
1.079728 0.000000
1.082630 0.000000
1.085533 0.000000
1.088435 0.000000
1.091338 0.000000
1.094240 0.000000
1.097143 0.000000
1.100045 0.000000
1.102948 0.000000
1.105850 0.000000
1.108753 0.000000
1.111655 0.000000
1.114558 0.000000
1.117460 0.000000
1.120363 0.000000
1.123265 0.000000
1.126168 0.000000
1.129070 0.000000
1.131973 0.000000
1.134875 0.000000
1.137778 0.000000
1.140680 0.000000
1.143583 0.000000
1.146485 0.000000
1.149388 0.000000
1.152290 0.000000
1.155193 0.000000
1.158095 0.000000
1.160998 0.000000
1.163900 0.000000
1.166803 0.000000
1.169705 0.000000
1.172608 0.000000
1.175510 0.000000
1.178413 0.000000
1.181315 0.000000
1.184218 0.000000
1.187120 0.000000
1.190023 0.000000
1.192925 0.000000
1.195828 0.000000
1.198730 0.000000
1.201633 0.000000
1.204535 0.000000
1.207438 0.000000
1.210340 0.000000
1.213243 0.000000
1.216145 0.000000
1.219048 0.000000
1.221950 0.000000
1.224853 0.000000
1.227755 0.000000
1.230658 0.000000
1.233560 0.000000
1.236463 0.000000
