0.000000 0.000000
0.008707 0.000000
0.017415 0.000000
0.026122 453.082184
0.034830 355.645172
0.043537 355.645172
0.052245 367.500000
0.060952 672.256104
0.069660 568.298950
0.078367 560.593262
0.087075 661.500000
0.095782 654.950500
0.104490 324.264709
0.113197 393.750000
0.121905 459.375000
0.130612 297.972961
0.139320 0.000000
0.148027 640.988342
0.156735 222.727280
0.165442 0.000000
0.174150 0.000000
0.182857 848.076904
0.191565 0.000000
0.200272 787.500000
0.208980 398.493988
0.217687 0.000000
0.226395 0.000000
0.235102 0.000000
0.243810 0.000000
0.252517 0.000000
0.261224 0.000000
0.269932 0.000000
0.278639 0.000000
0.287347 0.000000
0.296054 0.000000
0.304762 0.000000
0.313469 0.000000
0.322177 0.000000
0.330884 0.000000
0.339592 0.000000
0.348299 0.000000
0.357007 0.000000
0.365714 0.000000
0.374422 0.000000
0.383129 0.000000
0.391837 0.000000
0.400544 0.000000
0.409252 0.000000
0.417959 0.000000
0.426667 0.000000
