0.000000 0.000000
0.000091 0.000000
0.000181 0.000000
0.000272 0.000000
0.000363 0.000000
0.000454 0.000000
0.000544 0.000000
0.000635 0.000000
0.000726 0.000000
0.000816 0.000000
0.000907 0.000000
0.000998 0.000000
0.001088 0.000000
0.001179 0.000000
0.001270 0.000000
0.001361 0.000000
0.001451 0.000000
0.001542 0.000000
0.001633 0.000000
0.001723 0.000000
0.001814 0.000000
0.001905 0.000000
0.001995 0.000000
0.002086 0.000000
0.002177 0.000000
0.002268 0.000000
0.002358 0.000000
0.002449 0.000000
0.002540 0.000000
0.002630 0.000000
0.002721 0.000000
0.002812 0.000000
0.002902 0.000000
0.002993 0.000000
0.003084 0.000000
0.003175 0.000000
0.003265 0.000000
0.003356 0.000000
0.003447 0.000000
0.003537 0.000000
0.003628 0.000000
0.003719 0.000000
0.003810 0.000000
0.003900 1232.652710
0.003991 1233.066040
0.004082 1233.467896
0.004172 1233.858887
0.004263 1234.239258
0.004354 0.000000
0.004444 1234.970215
0.004535 1235.321899
0.004626 1235.665161
0.004717 1236.000000
0.004807 1236.326538
0.004898 1236.645142
0.004989 1236.955811
0.005079 1237.258301
0.005170 1237.552979
0.005261 1237.840088
0.005351 1238.119873
0.005442 1238.392334
0.005533 1238.657593
0.005624 1238.916504
0.005714 1239.169189
0.005805 1239.415894
0.005896 1239.656738
0.005986 1239.892212
0.006077 1240.122314
0.006168 1240.347412
0.006259 1240.567749
0.006349 0.000000
0.006440 1240.994141
0.006531 1241.200684
0.006621 1241.402832
0.006712 0.000000
0.006803 1241.794189
0.006893 1241.983765
0.006984 1242.169312
0.007075 1242.351074
0.007166 1242.528931
0.007256 1242.703369
0.007347 1242.874390
0.007438 1243.041992
0.007528 0.000000
0.007619 1243.367798
0.007710 1243.526001
0.007800 1243.681519
0.007891 1243.834106
0.007982 1243.983887
0.008073 1244.131226
0.008163 1244.275757
0.008254 1244.417969
0.008345 1244.557495
0.008435 1244.694580
0.008526 1244.829468
0.008617 1244.961914
0.008707 1245.092041
0.008798 1245.219971
0.008889 1245.345947
0.008980 1245.469727
0.009070 1245.591553
0.009161 1245.711548
0.009252 1245.829468
0.009342 1245.945679
0.009433 1246.060059
0.009524 0.000000
0.009615 1246.283691
0.009705 1246.393066
0.009796 1246.500732
0.009887 0.000000
0.009977 1246.711426
0.010068 1246.814453
0.010159 1246.915894
0.010249 1247.015991
0.010340 1247.114746
0.010431 1247.212036
0.010522 1247.307983
0.010612 1247.402588
0.010703 0.000000
0.010794 1247.587891
0.010884 1247.678711
0.010975 1247.768433
0.011066 1247.856934
0.011156 1247.944336
0.011247 1248.030518
0.011338 1248.115723
0.011429 1248.199829
0.011519 0.000000
0.011610 1248.364868
0.011701 1248.445923
0.011791 1248.525879
0.011882 1248.604858
0.011973 1248.682983
0.012063 1248.760132
0.012154 1248.836304
0.012245 1248.911621
0.012336 1248.986084
0.012426 1249.059814
0.012517 1249.132568
0.012608 1249.204468
0.012698 0.000000
0.012789 1249.346069
0.012880 1249.415771
0.012971 1249.484619
0.013061 0.000000
0.013152 1249.620239
0.013243 1249.686768
0.013333 1249.752930
0.013424 1249.818115
0.013515 1249.882690
0.013605 1249.946655
0.013696 1250.009888
0.013787 1250.072632
0.013878 0.000000
0.013968 1250.196045
0.014059 1250.256714
0.014150 1250.317017
0.014240 1250.376709
0.014331 1250.435669
0.014422 1250.494263
0.014512 1250.552124
0.014603 1250.609497
0.014694 0.000000
0.014785 1250.722778
0.014875 1250.778442
0.014966 1250.833862
0.015057 1250.888672
0.015147 1250.942993
0.015238 1250.996704
0.015329 1251.050049
0.015420 1251.102905
0.015510 1251.155396
0.015601 1251.207397
0.015692 1251.258789
0.015782 1251.309937
0.015873 0.000000
0.015964 1251.410767
0.016054 1251.460449
0.016145 1251.510010
0.016236 0.000000
0.016327 1251.607544
0.016417 1251.655762
0.016508 1251.703613
0.016599 1251.750977
0.016689 1251.798096
0.016780 1251.844727
0.016871 1251.891113
0.016961 1251.936890
0.017052 0.000000
0.017143 1252.027710
0.017234 1252.072632
0.017324 1252.117188
0.017415 1252.161377
0.017506 1252.205322
0.017596 1252.248901
0.017687 1252.292236
0.017778 1252.335205
0.017868 0.000000
0.017959 1252.420166
0.018050 1252.462036
0.018141 1252.503906
0.018231 1252.545288
0.018322 1252.586304
0.018413 1252.627197
0.018503 1252.667847
0.018594 1252.708130
0.018685 1252.748047
0.018776 1252.787842
0.018866 1252.827148
0.018957 1252.866455
0.019048 0.000000
0.019138 1252.944092
0.019229 1252.982544
0.019320 1253.020630
0.019410 0.000000
0.019501 1253.096191
0.019592 1253.133667
0.019683 1253.170776
0.019773 1253.207764
0.019864 1253.244385
0.019955 1253.280884
0.020045 1253.317261
0.020136 1253.353149
0.020227 0.000000
0.020317 1253.424561
0.020408 1253.459961
0.020499 1253.494995
0.020590 1253.529907
0.020680 1253.564575
0.020771 1253.599121
0.020862 1253.633301
0.020952 1253.667480
0.021043 0.000000
0.021134 1253.734985
0.021224 1253.768433
0.021315 1253.801636
0.021406 1253.834839
0.021497 1253.867676
0.021587 1253.900391
0.021678 1253.932739
0.021769 1253.965088
0.021859 1253.997192
0.021950 1254.029175
0.022041 1254.060913
0.022132 1254.092407
0.022222 0.000000
0.022313 1254.155029
0.022404 1254.186035
0.022494 1254.216919
0.022585 0.000000
0.022676 1254.278198
0.022766 1254.308594
0.022857 1254.338623
0.022948 1254.368530
0.023039 1254.398560
0.023129 1254.428223
0.023220 1254.457520
0.023311 1254.486938
0.023401 0.000000
0.023492 1254.545166
0.023583 1254.573975
0.023673 1254.602539
0.023764 1254.631104
0.023855 1254.659424
0.023946 1254.687622
0.024036 1254.715698
0.024127 1254.743652
0.024218 0.000000
0.024308 1254.798950
0.024399 1254.826416
0.024490 1254.853638
0.024580 1254.880737
0.024671 1254.907715
0.024762 1254.934570
0.024853 1254.961304
0.024943 1254.987915
0.025034 1255.014160
0.025125 1255.040405
0.025215 1255.066650
0.025306 1255.092529
0.025397 0.000000
0.025488 1255.144043
0.025578 1255.169556
0.025669 1255.194824
0.025760 0.000000
0.025850 1255.245239
0.025941 1255.270264
0.026032 1255.295044
0.026122 1255.319702
0.026213 1255.344238
0.026304 1255.368652
0.026395 1255.392944
0.026485 1255.416870
0.026576 0.000000
0.026667 1255.464722
0.026757 1255.488525
0.026848 1255.511963
0.026939 1255.535400
0.027029 1255.558716
0.027120 1255.581909
0.027211 1255.604736
0.027302 1255.627686
0.027392 0.000000
0.027483 1255.673096
0.027574 1255.695435
0.027664 1255.717896
0.027755 1255.739990
0.027846 1255.762085
0.027937 1255.784058
0.028027 1255.805664
0.028118 1255.827393
0.028209 1255.848755
0.028299 1255.870239
0.028390 1255.891479
0.028481 1255.912476
0.028571 0.000000
0.028662 1255.954224
0.028753 1255.974976
0.028844 1255.995483
0.028934 0.000000
0.029025 1256.036255
0.029116 1256.056396
0.029206 1256.076416
0.029297 1256.096191
0.029388 1256.115967
0.029478 1256.135498
0.029569 1256.155029
0.029660 1256.174316
0.029751 0.000000
0.029841 1256.212524
0.029932 1256.231323
0.030023 1256.250122
0.030113 1256.268677
0.030204 1256.287109
0.030295 1256.305542
0.030385 1256.323730
0.030476 1256.341797
0.030567 0.000000
0.030658 1256.377441
0.030748 1256.395142
0.030839 1256.412598
0.030930 1256.429932
0.031020 1256.447144
0.031111 1256.464233
0.031202 1256.481201
0.031293 1256.497803
0.031383 1256.514526
0.031474 1256.531006
0.031565 1256.547363
0.031655 1256.563477
0.031746 0.000000
0.031837 1256.595459
0.031927 1256.611328
0.032018 315.047668
0.032109 0.000000
0.032200 315.049622
0.032290 315.050537
0.032381 315.051514
0.032472 315.052460
0.032562 315.053406
0.032653 315.054321
0.032744 315.055206
0.032834 315.056152
0.032925 0.000000
0.033016 315.057922
0.033107 315.058807
0.033197 315.059723
0.033288 315.060577
0.033379 315.061432
0.033469 315.062286
0.033560 315.063141
0.033651 315.063965
0.033741 0.000000
0.033832 315.065613
0.033923 315.066437
0.034014 315.067230
0.034104 315.068024
0.034195 315.068817
0.034286 315.069611
0.034376 315.070404
0.034467 315.071167
0.034558 315.071899
0.034649 315.072662
0.034739 315.073395
0.034830 315.074127
0.034921 0.000000
0.035011 315.075592
0.035102 315.076263
0.035193 315.076996
0.035283 0.000000
0.035374 315.078369
0.035465 315.079041
0.035556 315.079712
0.035646 315.080353
0.035737 315.081024
0.035828 315.081665
0.035918 315.082275
0.036009 315.082947
0.036100 0.000000
0.036190 315.084137
0.036281 315.084747
0.036372 315.085327
0.036463 315.085938
0.036553 315.086517
0.036644 315.087097
0.036735 315.087646
0.036825 315.088196
0.036916 0.000000
0.037007 315.089264
0.037098 315.089813
0.037188 315.090332
0.037279 315.090820
0.037370 315.091309
0.037460 315.091827
0.037551 315.092316
0.037642 315.092804
0.037732 315.093262
0.037823 315.093719
0.037914 315.094208
0.038005 315.094635
0.038095 0.000000
0.038186 315.095520
0.038277 315.095917
0.038367 315.096344
0.038458 0.000000
0.038549 315.097168
0.038639 315.097534
0.038730 315.097931
0.038821 315.098328
0.038912 315.098663
0.039002 315.099060
0.039093 315.099396
0.039184 315.099731
0.039274 0.000000
0.039365 315.100433
0.039456 315.100769
0.039546 315.101074
0.039637 315.101379
0.039728 315.101685
0.039819 315.101959
0.039909 315.102264
0.040000 315.102539
0.040091 0.000000
0.040181 315.103088
0.040272 315.103363
0.040363 315.103607
0.040454 315.103851
0.040544 315.104126
0.040635 315.104370
0.040726 315.104584
0.040816 315.104828
0.040907 315.105011
0.040998 315.105225
0.041088 315.105438
0.041179 315.105652
0.041270 0.000000
0.041361 315.106018
0.041451 315.106232
0.041542 315.106384
0.041633 0.000000
0.041723 315.106750
0.041814 315.106873
0.041905 315.107056
0.041995 315.107178
0.042086 315.107330
0.042177 315.107483
0.042268 315.107605
0.042358 315.107727
0.042449 0.000000
0.042540 315.107971
0.042630 315.108124
0.042721 315.108215
0.042812 315.108307
0.042902 315.108429
0.042993 315.108521
0.043084 315.108643
0.043175 315.108734
0.043265 0.000000
0.043356 315.108917
0.043447 315.108978
0.043537 315.109039
0.043628 315.109131
0.043719 315.109222
0.043810 315.109283
0.043900 315.109314
0.043991 315.109375
0.044082 315.109467
0.044172 315.109528
0.044263 315.109558
0.044354 315.109619
0.044444 0.000000
0.044535 315.109711
0.044626 315.109772
0.044717 315.109802
0.044807 0.000000
0.044898 315.109863
0.044989 315.109894
0.045079 315.109924
0.045170 315.109985
0.045261 315.110016
0.045351 315.110046
0.045442 315.110077
0.045533 315.110077
0.045624 0.000000
0.045714 315.110138
0.045805 315.110138
0.045896 315.110168
0.045986 315.110168
0.046077 315.110199
0.046168 315.110199
0.046259 315.110260
0.046349 315.110260
0.046440 0.000000
0.046531 315.110291
0.046621 315.110291
0.046712 315.110321
0.046803 315.110321
0.046893 315.110352
0.046984 315.110352
0.047075 315.110352
0.047166 315.110352
0.047256 315.110382
0.047347 315.110382
0.047438 315.110382
0.047528 315.110413
0.047619 0.000000
0.047710 315.110413
0.047800 315.110413
0.047891 315.110443
0.047982 0.000000
0.048073 315.110443
0.048163 315.110443
0.048254 315.110443
0.048345 315.110474
0.048435 315.110474
0.048526 315.110474
0.048617 315.110474
0.048707 315.110474
0.048798 0.000000
0.048889 315.110535
0.048980 315.110535
0.049070 315.110535
0.049161 315.110535
0.049252 315.110535
0.049342 315.110565
0.049433 315.110565
0.049524 315.110565
0.049615 0.000000
0.049705 315.110565
0.049796 315.110565
0.049887 315.110565
0.049977 315.110565
0.050068 315.110596
0.050159 315.110596
0.050249 315.110596
0.050340 315.110596
0.050431 315.110596
0.050522 315.110596
0.050612 315.110596
0.050703 315.110596
0.050794 0.000000
0.050884 315.110596
0.050975 315.110596
0.051066 315.110626
0.051156 0.000000
0.051247 315.110626
0.051338 315.110626
0.051429 315.110626
0.051519 315.110626
0.051610 315.110626
0.051701 315.110626
0.051791 315.110626
0.051882 315.110626
0.051973 0.000000
0.052063 315.110626
0.052154 315.110626
0.052245 315.110626
0.052336 315.110626
0.052426 315.110626
0.052517 315.110657
0.052608 315.110657
0.052698 315.110657
0.052789 0.000000
0.052880 315.110657
0.052971 315.110657
0.053061 315.110657
0.053152 315.110657
0.053243 315.110657
0.053333 315.110657
0.053424 315.110657
0.053515 315.110657
0.053605 315.110657
0.053696 315.110657
0.053787 315.110657
0.053878 315.110657
0.053968 0.000000
0.054059 315.110657
0.054150 315.110657
0.054240 315.110657
0.054331 0.000000
0.054422 315.110657
0.054512 315.110657
0.054603 315.110657
0.054694 315.110657
0.054785 315.110657
0.054875 315.110657
0.054966 315.110657
0.055057 315.110657
0.055147 0.000000
0.055238 315.110657
0.055329 315.110657
0.055420 315.110657
0.055510 315.110657
0.055601 315.110657
0.055692 315.110687
0.055782 315.110657
0.055873 315.110687
0.055964 0.000000
0.056054 315.110687
0.056145 315.110687
0.056236 315.110687
0.056327 315.110687
0.056417 315.110687
0.056508 315.110687
0.056599 315.110687
0.056689 315.110687
0.056780 315.110687
0.056871 315.110687
0.056961 315.110687
0.057052 315.110687
0.057143 0.000000
0.057234 315.110687
0.057324 315.110687
0.057415 315.110687
0.057506 0.000000
0.057596 315.110687
0.057687 315.110687
0.057778 315.110687
0.057868 315.110687
0.057959 315.110687
0.058050 315.110687
0.058141 315.110687
0.058231 315.110687
0.058322 0.000000
0.058413 315.110687
0.058503 315.110687
0.058594 315.110687
0.058685 315.110687
0.058776 315.110687
0.058866 315.110687
0.058957 315.110687
0.059048 315.110687
0.059138 0.000000
0.059229 315.110687
0.059320 315.110687
0.059410 315.110687
0.059501 315.110687
0.059592 315.110687
0.059683 315.110687
0.059773 315.110687
0.059864 315.110687
0.059955 315.110687
0.060045 315.110687
0.060136 315.110687
0.060227 315.110687
0.060317 0.000000
0.060408 315.110687
0.060499 315.110687
0.060590 315.110687
0.060680 0.000000
0.060771 315.110687
0.060862 315.110687
0.060952 315.110687
0.061043 315.110687
0.061134 315.110687
0.061224 315.110687
0.061315 315.110687
0.061406 315.110687
0.061497 0.000000
0.061587 315.110687
0.061678 315.110687
0.061769 315.110687
0.061859 315.110687
0.061950 315.110687
0.062041 315.110687
0.062132 0.000000
