0.000000 0.000000
0.002902 747.061768
0.005805 0.000000
0.008707 1528.519287
0.011610 646.486694
0.014512 0.000000
0.017415 344.531250
0.020317 0.000000
0.023220 643.155334
0.026122 0.000000
0.029025 0.000000
0.031927 410.143250
0.034830 0.000000
0.037732 0.000000
0.040635 0.000000
0.043537 1156.359863
0.046440 0.000000
0.049342 0.000000
0.052245 0.000000
0.055147 344.531250
0.058050 0.000000
0.060952 0.000000
0.063855 0.000000
0.066757 0.000000
0.069660 561.996643
0.072562 368.757294
0.075465 0.000000
0.078367 497.520447
0.081270 0.000000
0.084172 0.000000
0.087075 0.000000
0.089977 0.000000
0.092880 567.443176
0.095782 443.185089
0.098685 0.000000
0.101587 0.000000
0.104490 0.000000
0.107392 0.000000
0.110295 0.000000
0.113197 453.356567
0.116100 0.000000
0.119002 0.000000
0.121905 359.571899
0.124807 0.000000
0.127710 417.497986
0.130612 0.000000
0.133515 0.000000
0.136417 2198.759277
0.139320 0.000000
0.142222 0.000000
0.145125 0.000000
0.148027 0.000000
0.150930 0.000000
0.153832 0.000000
0.156735 0.000000
0.159637 354.840118
0.162540 0.000000
0.165442 0.000000
0.168345 344.531250
0.171247 360.420746
0.174150 0.000000
0.177052 0.000000
0.179955 0.000000
0.182857 0.000000
0.185760 0.000000
0.188662 0.000000
0.191565 0.000000
0.194467 344.531250
0.197370 0.000000
0.200272 0.000000
0.203175 0.000000
0.206077 0.000000
0.208980 0.000000
0.211882 355.222656
0.214785 344.531250
0.217687 0.000000
0.220590 0.000000
0.223492 0.000000
0.226395 0.000000
0.229297 0.000000
0.232200 391.079224
0.235102 0.000000
0.238005 0.000000
0.240907 0.000000
0.243810 350.501984
0.246712 0.000000
0.249615 0.000000
0.252517 0.000000
0.255419 0.000000
0.258322 0.000000
0.261224 0.000000
0.264127 0.000000
0.267029 0.000000
0.269932 0.000000
0.272834 0.000000
0.275737 0.000000
0.278639 0.000000
0.281542 0.000000
0.284444 0.000000
0.287347 0.000000
0.290249 0.000000
0.293152 0.000000
0.296054 0.000000
0.298957 0.000000
0.301859 0.000000
0.304762 0.000000
0.307664 0.000000
0.310567 0.000000
0.313469 0.000000
0.316372 0.000000
0.319274 1016.202148
0.322177 0.000000
0.325079 0.000000
0.327982 0.000000
0.330884 0.000000
0.333787 502.372528
0.336689 757.270020
0.339592 0.000000
0.342494 0.000000
0.345397 0.000000
0.348299 1013.940796
0.351202 0.000000
0.354104 613.296936
0.357007 507.026123
0.359909 0.000000
0.362812 986.091370
0.365714 344.531250
0.368617 0.000000
0.371519 509.095398
0.374422 1548.499512
0.377324 776.885986
0.380227 344.531250
0.383129 0.000000
0.386032 1557.391357
0.388934 0.000000
0.391837 614.821716
0.394739 0.000000
0.397642 513.536682
0.400544 344.531250
0.403447 617.722717
0.406349 505.903534
0.409252 768.883179
0.412154 1540.756348
0.415057 1023.573425
0.417959 0.000000
0.420862 1001.791199
0.423764 0.000000
0.426667 0.000000
0.429569 0.000000
0.432472 980.027222
0.435374 577.435791
0.438277 693.130310
0.441179 409.563049
0.444082 344.531250
0.446984 551.466919
0.449887 0.000000
0.452789 0.000000
0.455692 0.000000
0.458594 634.317505
0.461497 1273.685547
0.464399 834.307068
0.467302 0.000000
0.470204 1209.617188
0.473107 483.169250
0.476009 381.425446
0.478912 0.000000
0.481814 558.965637
0.484717 441.988159
0.487619 0.000000
0.490522 0.000000
0.493424 0.000000
0.496327 1028.163940
0.499229 0.000000
0.502132 0.000000
0.505034 0.000000
0.507937 384.307648
0.510839 0.000000
0.513741 930.008850
0.516644 0.000000
0.519547 0.000000
0.522449 598.968933
0.525351 442.021179
0.528254 0.000000
0.531156 0.000000
0.534059 578.458374
0.536961 0.000000
0.539864 544.090332
0.542766 0.000000
0.545669 552.254211
0.548571 0.000000
0.551474 0.000000
0.554376 811.819824
0.557279 0.000000
0.560181 0.000000
0.563084 810.942261
0.565986 0.000000
0.568889 0.000000
0.571791 0.000000
0.574694 0.000000
0.577596 827.678345
0.580499 0.000000
0.583401 0.000000
0.586304 0.000000
0.589206 565.789856
0.592109 0.000000
0.595011 564.187866
0.597914 344.531250
0.600816 873.378235
0.603719 0.000000
0.606621 344.531250
0.609524 902.005371
0.612426 0.000000
0.615329 0.000000
0.618231 360.174530
0.621134 0.000000
0.624036 462.021454
0.626939 363.333374
0.629841 0.000000
0.632744 462.632263
0.635646 0.000000
0.638549 464.867859
0.641451 0.000000
0.644354 0.000000
0.647256 605.590698
0.650159 0.000000
0.653061 0.000000
0.655964 0.000000
0.658866 358.734680
0.661769 0.000000
0.664671 455.935333
0.667574 351.549927
0.670476 592.362976
0.673379 0.000000
0.676281 589.082947
0.679184 436.433594
0.682086 0.000000
0.684989 0.000000
0.687891 0.000000
0.690794 0.000000
0.693696 556.518555
0.696599 556.117676
0.699501 0.000000
0.702404 807.657776
0.705306 0.000000
0.708209 0.000000
0.711111 0.000000
0.714014 522.555786
0.716916 781.276855
0.719819 507.687653
0.722721 505.948700
0.725624 0.000000
0.728526 0.000000
0.731429 0.000000
0.734331 717.241577
0.737234 0.000000
0.740136 0.000000
0.743039 0.000000
0.745941 661.057983
0.748844 0.000000
0.751746 0.000000
0.754649 0.000000
0.757551 0.000000
0.760454 0.000000
0.763356 0.000000
0.766258 0.000000
0.769161 0.000000
0.772063 0.000000
0.774966 0.000000
0.777869 0.000000
0.780771 0.000000
0.783673 0.000000
0.786576 0.000000
0.789478 0.000000
0.792381 0.000000
0.795283 0.000000
0.798186 0.000000
0.801088 0.000000
0.803991 0.000000
0.806893 0.000000
0.809796 0.000000
0.812698 0.000000
0.815601 0.000000
0.818503 0.000000
0.821406 0.000000
0.824308 0.000000
0.827211 0.000000
0.830113 0.000000
0.833016 0.000000
