0.000000 0.000000
0.011610 383.089081
0.023220 0.000000
0.034830 0.000000
0.046440 181.176254
0.058050 149.104355
0.069660 0.000000
0.081270 0.000000
0.092880 0.000000
0.104490 188.632187
0.116100 0.000000
0.127710 0.000000
0.139320 0.000000
0.150930 0.000000
0.162540 0.000000
0.174150 0.000000
0.185760 0.000000
0.197370 0.000000
0.208980 0.000000
0.220590 0.000000
0.232200 0.000000
0.243810 0.000000
0.255419 0.000000
0.267029 0.000000
0.278639 0.000000
0.290249 0.000000
0.301859 0.000000
0.313469 0.000000
0.325079 0.000000
0.336689 0.000000
