0.000000 2269.587891
0.001451 2269.497314
0.002902 2268.793213
0.004354 2268.367188
0.005805 2268.085205
0.007256 2267.881348
0.008707 2267.724121
0.010159 2267.598145
0.011610 2267.494629
0.013061 2267.409668
0.014512 2267.342041
0.015964 2267.291992
0.017415 2267.312012
0.018866 2267.619629
0.020317 2268.534912
0.021769 2270.346191
0.023220 2273.252930
0.024671 575.955383
0.026122 576.768005
0.027574 577.594482
0.029025 578.239136
0.030476 578.524963
0.031927 578.453735
0.033379 578.210571
0.034830 577.944153
0.036281 577.604736
0.037732 576.986267
0.039184 1144.710205
0.040635 1139.288330
0.042086 1134.455444
0.043537 1131.284302
0.044989 1129.800537
0.046440 2266.854004
0.047891 2266.857910
0.049342 2266.945801
0.050794 2267.052002
0.052245 2267.003906
0.053696 2266.627930
0.055147 2265.851562
0.056599 2264.734131
0.058050 2263.470947
0.059501 2262.416260
0.060952 2261.997070
0.062404 2262.471191
0.063855 2263.682129
0.065306 2265.119629
0.066757 2266.279297
0.068209 2266.926025
0.069660 2266.990723
0.071111 2266.281250
0.072562 2264.134033
0.074014 2258.795166
0.075465 574.373840
0.076916 574.553772
0.078367 574.836609
0.079819 575.179382
0.081270 575.497375
0.082721 857.208435
0.084172 857.676880
0.085624 857.867371
0.087075 857.994324
0.088526 858.163330
0.089977 858.402588
0.091429 858.673523
0.092880 3463.004395
0.094331 3461.877197
0.095782 3469.281982
0.097234 858.494141
0.098685 858.220093
0.100136 858.020813
0.101587 857.884155
0.103039 857.700745
0.104490 857.283997
0.105941 575.953125
0.107392 575.930359
0.108844 575.831299
0.110295 575.624695
0.111746 575.327454
0.113197 574.999756
0.114649 2267.263672
0.116100 2268.185059
0.117551 2267.835938
0.119002 0.000000
0.120454 0.000000
0.121905 0.000000
0.123356 0.000000
0.124807 2267.470215
0.126259 2267.632080
0.127710 2268.192627
0.129161 2270.286865
0.130612 2277.710693
0.132063 282.596832
0.133515 279.972290
0.134966 279.508667
0.136417 279.396454
0.137868 279.308380
0.139320 279.256866
0.140771 279.232697
0.142222 279.249481
0.143673 279.379242
0.145125 279.750763
0.146576 280.432343
0.148027 281.366760
0.149478 282.453674
0.150930 283.539520
0.152381 305.489716
0.153832 304.462463
0.155283 268.604553
0.156735 268.582886
0.158186 268.670471
0.159637 268.798676
0.161088 269.058228
0.162540 269.581543
0.163991 270.708984
0.165442 305.154755
0.166893 305.791992
0.168345 256.903107
0.169796 257.327271
0.171247 257.769958
0.172698 258.094147
0.174150 258.270111
0.175601 258.341339
0.177052 258.433014
0.178503 258.669922
0.179955 259.175720
0.181406 261.107361
0.182857 274.859955
0.184308 275.762085
0.185760 276.118347
0.187211 274.655243
0.188662 249.924393
0.190113 249.801025
0.191565 249.781677
0.193016 249.788864
0.194467 249.826324
0.195918 249.901138
0.197370 249.968765
0.198821 249.943909
0.200272 249.703400
0.201723 211.441055
0.203175 211.711075
0.204626 211.831024
0.206077 211.870941
0.207528 211.872070
0.208980 211.860458
0.210431 211.860443
0.211882 211.904007
0.213333 211.999741
0.214785 212.117615
0.216236 212.223175
0.217687 212.219376
0.219138 211.926865
0.220590 211.075043
0.222041 169.676483
0.223492 170.057510
0.224943 170.212387
0.226395 170.266602
0.227846 170.262527
0.229297 170.237030
0.230748 170.221344
0.232200 170.181335
0.233651 169.985870
0.235102 230.298141
0.236553 229.786209
0.238005 0.000000
0.239456 129.544601
0.240907 129.532547
0.242358 129.540115
0.243810 129.613190
0.245261 129.812683
0.246712 132.341492
0.248163 132.532654
0.249615 132.634567
0.251066 235.874359
0.252517 235.806732
0.253968 235.774185
0.255419 235.771545
0.256871 100.039787
0.258322 100.091255
0.259773 100.171921
0.261224 100.293007
0.262676 177.983948
0.264127 208.075714
0.265578 207.886017
0.267029 207.615128
0.268481 0.000000
0.269932 0.000000
0.271383 0.000000
0.272834 200.937866
0.274286 200.709930
0.275737 200.596756
0.277188 86.132812
0.278639 86.132812
0.280091 86.132812
0.281542 86.132812
0.282993 121.241600
0.284444 0.000000
0.285896 0.000000
0.287347 0.000000
0.288798 0.000000
0.290249 121.203484
0.291701 121.244431
0.293152 87.070946
0.294603 86.975304
0.296054 0.000000
0.297506 0.000000
0.298957 87.390182
0.300408 125.240997
0.301859 125.142166
0.303311 0.000000
0.304762 0.000000
0.306213 0.000000
0.307664 0.000000
0.309116 0.000000
0.310567 0.000000
0.312018 0.000000
0.313469 0.000000
0.314921 0.000000
0.316372 0.000000
0.317823 0.000000
0.319274 0.000000
0.320726 0.000000
0.322177 0.000000
0.323628 0.000000
0.325079 0.000000
0.326531 0.000000
0.327982 0.000000
0.329433 0.000000
0.330884 0.000000
0.332336 0.000000
0.333787 0.000000
0.335238 0.000000
0.336689 0.000000
0.338141 0.000000
0.339592 0.000000
0.341043 0.000000
0.342494 0.000000
0.343946 0.000000
0.345397 0.000000
0.346848 0.000000
0.348299 0.000000
0.349751 0.000000
0.351202 0.000000
0.352653 0.000000
0.354104 0.000000
0.355556 0.000000
0.357007 0.000000
0.358458 0.000000
0.359909 0.000000
0.361361 0.000000
